.Random.seed <-
c(403L, 168L, -1721328448L, 1623214182L, 141122740L, -1793745523L, 
-1050292223L, 1709836261L, 1821267057L, -1051829912L, 630646778L, 
112660678L, -1653016263L, -1389229342L, -1680795790L, 417505462L, 
-2084945438L, 1393951187L, -2027076405L, 479709390L, -19576622L, 
2141846081L, 897934017L, 1766747050L, -698711841L, 10328780L, 
-251356984L, 799792337L, 307328713L, 1881336076L, -1304481712L, 
-1605000729L, 225815303L, -2097297555L, -812127729L, 822539049L, 
467179496L, -1775807551L, 2075594732L, 1084147486L, 1805755201L, 
-1087680464L, -1155944886L, 409473780L, 292484426L, -1675022083L, 
-1419500143L, 1924058644L, 1485272672L, -1803629816L, 1388838067L, 
-1611189211L, -483493592L, 470109350L, -340538518L, 1260209591L, 
-1322754989L, -1190546295L, 225258374L, -819005906L, -1272267362L, 
303211150L, -1971276712L, -1421521904L, 217996597L, 926181184L, 
-1036383736L, 852808366L, -930680062L, 39156267L, 740974141L, 
412538108L, -1031285567L, -1511255035L, 985990724L, 344027477L, 
1623959809L, 1028916177L, 506080942L, -1278310454L, 1526599860L, 
-2128324584L, 364350761L, 575204325L, -999600172L, 1253486855L, 
2064897969L, -1635821293L, 1903012767L, 1318068997L, -1148669073L, 
-2050368204L, 351326398L, -688818499L, -1863414933L, -1174000957L, 
783982144L, 1809107725L, -32162799L, -983231872L, -283598705L, 
64387243L, 923596595L, -890658775L, -1744302123L, -2046463617L, 
1348270544L, 576730102L, 414965991L, 815228651L, 771462602L, 
-1863282043L, -765663753L, 1376046887L, 2079153998L, -1549776569L, 
-763288902L, -1239935438L, 1277359542L, 1510018419L, 1211301822L, 
527510815L, -842603497L, -1349981255L, 1398754642L, 1049489575L, 
346581863L, -1616088549L, 238558684L, -1735032822L, 324698379L, 
-1417206077L, -1471105939L, -1167198274L, -428131536L, 752702584L, 
-65292740L, 236935498L, -1712497408L, 1295351500L, -1836440001L, 
632025160L, 177674135L, -892759790L, 1781480834L, -1399982923L, 
-238680019L, 280600801L, 1158638748L, -488040699L, -1229577068L, 
-1426434760L, -256768778L, 388042713L, 2087395305L, -1044139336L, 
1438386529L, -873647318L, 1184352015L, -114260778L, -444794138L, 
715794917L, 2005297070L, -209874353L, -1841917662L, 1270947430L, 
-1633028988L, -1995129602L, -1038372439L, -1177260549L, -996404377L, 
-1050179173L, -950305777L, -914787832L, 1490541662L, -1689422332L, 
-409572457L, -1870370088L, 1036413317L, 939950315L, -1007349788L, 
1064043719L, -1748135880L, -391089921L, 840251183L, 1481179481L, 
-322261366L, -1085091377L, -813121921L, -2114561216L, -1839400208L, 
2014239246L, 1419708702L, 1819676027L, -347497567L, -1403185668L, 
-1592216448L, 849081722L, -1704674291L, -1472855037L, 413521740L, 
465438613L, 1745335451L, 1904607065L, -1464142600L, -781459090L, 
-287007240L, 1148685503L, 1528974399L, 628131680L, -107548369L, 
-2115743649L, 781429068L, 730665297L, -1695909828L, 1105590455L, 
-35107972L, 307150415L, -237803517L, -1777909396L, -901687779L, 
-1374292919L, 1937740058L, -749432403L, -1931185479L, -2109507622L, 
-523796667L, -1023545831L, -808428958L, -1425496864L, 313013790L, 
1878966934L, 1846719543L, 1777799129L, -1895313575L, 485373434L, 
-1248042914L, -36187432L, -1888714834L, 1665952191L, 1131197072L, 
-1480026532L, 373577889L, -1722624712L, 605997050L, 796687228L, 
694617207L, -453585718L, -1871740786L, -1937592476L, 1186675137L, 
-205355550L, -1984537723L, -2013636283L, -1057699655L, -614688795L, 
-281268761L, 2072212695L, 1484322280L, 1250481989L, -1576508616L, 
1690861326L, 676779871L, -859215656L, -660677913L, -1452923977L, 
-499164814L, -837860325L, -285781140L, -2095065623L, 183134378L, 
2018299467L, -1294281710L, 1886525734L, 1923204194L, 1709300402L, 
258233899L, 1750664527L, -1900566841L, 1261873227L, -2069735298L, 
1031167421L, 22044509L, -1446158692L, 343549997L, 256676200L, 
-119782337L, 339197362L, -724108682L, 1332525728L, 69661598L, 
-1349917231L, -1730150460L, 317205734L, -581565947L, 2127051775L, 
1725577968L, -559816488L, 173650176L, -1497843154L, -886915816L, 
-1081235958L, -1726542937L, 1045535290L, -2116651001L, -1747893593L, 
-1853804940L, -444160733L, -2078765002L, -1671380488L, 1451465048L, 
71342896L, -823297241L, -247421363L, -1044745414L, 293185576L, 
387710533L, 2034374488L, -434889539L, 738288733L, -1619199712L, 
-5347887L, 1262986078L, -1610768062L, 1422662088L, 1634924520L, 
-661048603L, -958046415L, 1665164723L, 279447375L, 355086632L, 
2035671107L, -28458093L, -1334374387L, 1211701793L, 1377838692L, 
1413799768L, -1251609534L, 491115722L, -533782928L, 18253691L, 
-2122528312L, -1912052232L, 120390854L, 2043397111L, -2103148892L, 
1224597551L, -1914273085L, -121726003L, 1551568827L, 1851475081L, 
-57111414L, 106669027L, 2004710459L, 1222660156L, 1272376766L, 
978047606L, -1019033605L, 353530298L, 89106758L, -617617918L, 
-1431476266L, 314729948L, -1559950101L, -1811465735L, 69583235L, 
190699378L, 510793056L, 864990186L, 998342256L, 1076446278L, 
2086653507L, -279933128L, -1975916974L, 629610854L, -703736773L, 
-1076385399L, -861407449L, -356038719L, 1514268267L, 1568702083L, 
254746442L, 2049658689L, -1145783112L, 2094524798L, -1636480474L, 
-1991197662L, -1434915538L, -1360172871L, 355573440L, -1534998004L, 
447438314L, 2032217065L, 1749059887L, 2106942326L, -933932222L, 
761709575L, -616933103L, -1810475895L, -644263624L, -773204434L, 
1238203628L, 1098992642L, 2134075494L, 2018459206L, -1385610373L, 
2134006360L, 1905433636L, -1816574822L, 1587420196L, 1089723316L, 
-1093717670L, 850785074L, 1156460261L, -670491451L, -204374638L, 
-2007829371L, 1149746843L, -2092569325L, -284279162L, 578948893L, 
-280849253L, 2014557878L, -2036734797L, 76017500L, 1888401561L, 
401498878L, 267565904L, -608909915L, -878834879L, 861273636L, 
-1252172181L, -1404413895L, 1507698847L, -2138644044L, 608789115L, 
-525485385L, -1537917125L, 919171257L, -784859726L, -1603409273L, 
2004430244L, 390756489L, 852882745L, 1745073222L, -1373739777L, 
480983827L, -922831344L, 237934781L, 547782594L, -1317909016L, 
2022282162L, -780270090L, 449573888L, 671398164L, -32722643L, 
-795850102L, 871799027L, 798474030L, 971254147L, -595783605L, 
-1473337479L, 461678035L, 263877336L, 1804345309L, -800960288L, 
1875050605L, 2086497681L, 110928477L, 1989405546L, 753191477L, 
-425172627L, 777704433L, -1727650994L, 1071692105L, -710658785L, 
-1923874421L, -1197818034L, 533702213L, -1889704351L, 1759739406L, 
-1752151814L, -534726549L, -1882943520L, -984237061L, -535858665L, 
1023167817L, -643767383L, 760972420L, 1521590878L, -436981062L, 
-1295075688L, -800023210L, 1937866293L, -404786463L, -1121349392L, 
-413098505L, 934096181L, -1714456123L, 1675253557L, -1233573480L, 
604614004L, -1476143097L, -220119631L, 1061094162L, 588928179L, 
-1843415616L, -881931114L, -1954567587L, -1067126355L, 1440169484L, 
1224583145L, 727021273L, -646389916L, 290896851L, -2026110020L, 
79844060L, -1317169748L, -749775216L, -632270840L, 1594370843L, 
-1900822422L, 942358046L, 1399637135L, 302028301L, -4721123L, 
-256316527L, -1850944421L, 250105800L, -269401372L, 257909518L, 
1778994723L, 98770753L, -904498198L, -1453925752L, -637780713L, 
-361383045L, 2053547156L, -1191067475L, 360611509L, 1301107214L, 
178646055L, 1475345831L, 1765397966L, -753354634L, 1825547959L, 
-1219178535L, -683534774L, 666828622L, 1189366956L, -1759416222L, 
1566616315L, 201182460L, 660702111L, -1979601876L, 1508530202L, 
733160560L, -1293234137L, -1051918100L, 182393291L, -2111298109L, 
-913696955L, -768944450L, 2050034493L, -1480214986L, 1230670151L, 
1199026542L, -527163528L, 997349885L, -1964780035L, 724271305L, 
1834180590L, 488194089L, 1338739691L, 1430838491L, 1164786207L, 
1779232496L, -2006786879L, 42436919L, 2133742546L, -274129638L, 
1670224483L, -691176370L, 1171308357L, -1005756137L, 1861709305L, 
1675098356L, -37929662L, 1105334601L, 990129029L, 706172512L, 
-1045180345L, -685376493L, -646647739L, -234607365L, -1805862951L, 
379254661L, -136186783L, 437096409L, 893122535L, -1619023495L, 
